#DataThief C:\Documents and Settings\Steven Lansel\Desktop\Research\Compressed Imaging\Data\Sensors\KodakDCS620x.gif Monday 12-Jul-2010 4:11:40 PM
399.8538, 0.1472
400.4382, 0.1472
401.0224, 0.1485
401.6066, 0.1485
402.1908, 0.1498
402.7751, 0.1498
403.3593, 0.1498
403.9435, 0.1498
404.5278, 0.1498
405.112, 0.1498
405.6962, 0.1498
406.2804, 0.1498
406.8647, 0.1498
407.4489, 0.1511
408.0331, 0.1511
408.6173, 0.1498
409.2016, 0.1485
409.7858, 0.1472
410.37, 0.1485
410.9542, 0.1485
411.5385, 0.1485
412.1227, 0.1498
412.7069, 0.1498
413.2911, 0.1498
413.8754, 0.1511
414.4596, 0.1511
415.0438, 0.1498
415.628, 0.1498
416.2123, 0.1498
416.7965, 0.1498
417.3807, 0.1498
417.9649, 0.1498
418.5492, 0.1498
419.1334, 0.1498
419.7176, 0.1511
420.3019, 0.1522
420.886, 0.151
421.4703, 0.151
422.0545, 0.1498
422.6388, 0.1498
423.223, 0.1485
423.8072, 0.1472
424.3914, 0.1472
424.9757, 0.1472
425.5598, 0.1472
426.1441, 0.1472
426.7283, 0.1472
427.3126, 0.1472
427.8968, 0.1459
428.4809, 0.1459
429.0652, 0.1446
429.6495, 0.1433
430.2337, 0.142
430.8178, 0.1433
431.4021, 0.1446
431.9864, 0.1446
431.9864, 0.1459
432.5706, 0.1459
433.1548, 0.1472
433.7389, 0.1472
434.3233, 0.1472
434.9075, 0.1472
435.4917, 0.1472
436.0759, 0.1472
436.6602, 0.1472
437.2444, 0.1472
437.8286, 0.1472
438.4129, 0.1472
438.4129, 0.1459
438.9971, 0.1446
439.5813, 0.1433
440.1655, 0.1446
440.7498, 0.1459
440.7498, 0.1472
441.334, 0.1472
441.334, 0.1485
441.9182, 0.1497
442.5024, 0.151
443.0867, 0.151
443.6709, 0.151
444.2551, 0.151
444.8393, 0.1522
445.4236, 0.1522
445.4236, 0.1536
446.0078, 0.1536
446.592, 0.1536
447.1762, 0.1536
447.7605, 0.1536
448.3447, 0.1536
448.9289, 0.1522
449.5131, 0.1522
450.0974, 0.1522
450.6816, 0.1522
451.2658, 0.1522
451.85, 0.1522
452.4343, 0.1522
453.0185, 0.1522
453.6027, 0.1522
454.187, 0.151
454.7711, 0.151
455.3554, 0.1497
455.9396, 0.1497
456.5239, 0.1497
457.1081, 0.1497
457.1081, 0.1484
457.6923, 0.1484
458.2765, 0.1484
458.8608, 0.1484
459.445, 0.1497
460.0292, 0.151
460.6134, 0.1497
461.1977, 0.1484
461.7819, 0.1471
462.366, 0.1459
462.366, 0.1446
462.9503, 0.1433
462.9503, 0.142
463.5346, 0.1407
463.5346, 0.1394
464.1188, 0.1381
464.7029, 0.1381
465.2872, 0.1369
465.8715, 0.1369
466.4557, 0.1356
467.0399, 0.1356
467.624, 0.1356
468.2084, 0.1356
468.2084, 0.1343
468.7926, 0.1343
469.3768, 0.1343
469.9611, 0.1343
470.5453, 0.1343
471.1295, 0.1343
471.7137, 0.133
471.7137, 0.1317
471.7137, 0.1304
472.298, 0.1291
472.298, 0.1279
472.8822, 0.1266
472.8822, 0.1253
473.4664, 0.124
474.0506, 0.1227
474.0506, 0.1214
474.0506, 0.1201
474.0506, 0.1188
474.6349, 0.1176
474.6349, 0.1163
475.2191, 0.115
475.8033, 0.1137
475.8033, 0.1124
476.3875, 0.1111
476.3875, 0.1098
476.9718, 0.1086
477.556, 0.1073
477.556, 0.106
477.556, 0.1047
477.556, 0.1034
478.1402, 0.1021
478.7244, 0.1008
478.7244, 0.0996
479.3087, 0.0983
479.8929, 0.097
480.4771, 0.097
481.0613, 0.097
481.6456, 0.097
482.2298, 0.097
482.814, 0.0957
482.814, 0.0944
483.3982, 0.0931
483.9825, 0.0918
483.9825, 0.0906
484.5667, 0.0893
484.5667, 0.088
485.1509, 0.0867
485.7351, 0.0867
486.3194, 0.0867
486.3194, 0.0854
486.9036, 0.0841
487.4878, 0.0828
487.4878, 0.0815
487.4878, 0.0803
487.4878, 0.079
487.4878, 0.0777
488.0721, 0.0764
488.6562, 0.0764
489.2405, 0.0764
489.2405, 0.0751
489.2405, 0.0738
489.8247, 0.0725
490.409, 0.0713
490.9931, 0.07
491.5774, 0.0687
492.1616, 0.0674
492.7459, 0.0661
492.7459, 0.0648
493.3301, 0.0635
493.9143, 0.0623
493.9143, 0.061
494.4985, 0.0597
495.0828, 0.0584
495.0828, 0.0571
495.667, 0.0558
496.2511, 0.0545
496.2511, 0.0533
496.8354, 0.052
496.8354, 0.0507
496.8354, 0.0493
496.8354, 0.0481
497.4197, 0.0468
497.4197, 0.0455
498.0039, 0.0455
498.0039, 0.0443
498.588, 0.043
498.588, 0.0417
498.588, 0.0404
499.1723, 0.0391
498.588, 0.0378
498.588, 0.0391
498.588, 0.0404
499.1723, 0.0417
499.1723, 0.043
499.1723, 0.0443
499.7566, 0.043
500.3408, 0.0417
500.925, 0.0404
501.5093, 0.0391
502.0935, 0.0391
502.6777, 0.0378
503.2619, 0.0378
503.8462, 0.0365
504.4304, 0.0365
505.0146, 0.0365
505.5988, 0.0365
506.1831, 0.0352
506.7673, 0.0352
507.3515, 0.034
507.9357, 0.034
508.52, 0.034
509.1042, 0.034
509.1042, 0.0327
509.6884, 0.0314
510.2726, 0.0301
510.8569, 0.0288
511.4411, 0.0275
512.0253, 0.0275
512.6095, 0.0275
513.1938, 0.0275
513.778, 0.0262
514.3622, 0.0262
514.9464, 0.0249
515.5307, 0.0249
516.1149, 0.0249
516.6991, 0.0237
517.2833, 0.0237
517.8676, 0.0237
518.4518, 0.0224
519.036, 0.0237
519.6202, 0.0237
520.2045, 0.0237
520.7887, 0.0224
521.3729, 0.0211
521.9572, 0.0198
522.5413, 0.0185
523.1256, 0.0185
523.7098, 0.0185
524.2941, 0.0185
524.8782, 0.0185
525.4625, 0.0172
526.0467, 0.0172
526.631, 0.0172
527.2152, 0.0172
527.2152, 0.0159
527.2152, 0.0172
527.7993, 0.0185
528.3836, 0.0198
528.3836, 0.0211
528.9679, 0.0224
529.5521, 0.0236
530.1363, 0.0224
530.7205, 0.0211
531.3048, 0.0198
531.889, 0.0198
531.889, 0.0185
532.4732, 0.0185
533.0574, 0.0172
533.6417, 0.0172
534.2259, 0.0172
534.8101, 0.0172
535.3944, 0.0172
535.9786, 0.0172
536.5628, 0.0172
537.147, 0.0172
537.7313, 0.0159
538.3155, 0.0159
538.8997, 0.0172
539.4839, 0.0172
540.0682, 0.0159
540.6524, 0.0159
541.2366, 0.0159
541.8208, 0.0172
542.4051, 0.0172
542.9893, 0.0185
543.5735, 0.0185
544.1577, 0.0185
544.742, 0.0185
545.3262, 0.0185
545.9104, 0.0185
546.4946, 0.0185
547.0789, 0.0185
547.6631, 0.0185
548.2473, 0.0185
548.2473, 0.0198
548.8315, 0.0211
548.8315, 0.0223
549.4158, 0.0223
549.4158, 0.0236
550.0, 0.0249
550.5842, 0.0262
551.1685, 0.0262
551.7527, 0.0249
552.3369, 0.0249
552.9211, 0.0236
553.5053, 0.0236
554.0896, 0.0236
554.6738, 0.0236
555.258, 0.0236
555.8423, 0.0223
556.4264, 0.0223
557.0107, 0.0223
557.5949, 0.0223
558.1792, 0.0223
558.7633, 0.0236
558.7633, 0.0249
559.3476, 0.0262
559.9318, 0.0275
560.5161, 0.0262
561.1003, 0.0249
561.6844, 0.0249
562.2687, 0.0249
562.853, 0.0249
563.4372, 0.0249
564.0214, 0.0249
564.6056, 0.0249
565.1899, 0.0249
565.7741, 0.0249
566.3583, 0.0249
566.9426, 0.0249
567.5268, 0.0262
568.111, 0.0262
568.6952, 0.0262
569.2795, 0.0262
569.8637, 0.0249
570.4479, 0.0236
571.0321, 0.0249
571.6164, 0.0262
572.2006, 0.0275
572.2006, 0.0287
572.7848, 0.0287
572.7848, 0.03
573.369, 0.0313
573.9533, 0.0326
574.5375, 0.0339
575.1217, 0.0339
575.7059, 0.0352
576.2902, 0.0352
576.8744, 0.0365
577.4586, 0.0365
578.0428, 0.0365
578.6271, 0.0377
579.2113, 0.0377
579.7955, 0.0377
580.3797, 0.0377
580.964, 0.0377
581.5482, 0.0377
581.5482, 0.039
582.1324, 0.0403
582.7167, 0.0416
582.7167, 0.0429
582.7167, 0.0442
582.1324, 0.0454
582.1324, 0.0467
582.1324, 0.048
582.1324, 0.0493
582.1324, 0.0506
582.7167, 0.0519
582.7167, 0.0532
582.7167, 0.0544
583.3009, 0.0557
583.3009, 0.057
583.3009, 0.0583
583.8851, 0.0596
583.8851, 0.0609
583.8851, 0.0622
584.4693, 0.0634
584.4693, 0.0647
585.0536, 0.066
585.0536, 0.0673
585.0536, 0.0686
585.6378, 0.0699
585.6378, 0.0712
585.6378, 0.0724
586.222, 0.0737
586.222, 0.075
586.222, 0.0763
586.8062, 0.0776
586.8062, 0.0789
587.3905, 0.0802
587.3905, 0.0814
587.9747, 0.0827
587.9747, 0.084
588.5589, 0.0853
588.5589, 0.0866
589.1431, 0.0879
589.1431, 0.0892
589.1431, 0.0904
589.7274, 0.0917
589.7274, 0.093
589.7274, 0.0943
590.3115, 0.0956
590.8958, 0.0969
590.8958, 0.0982
591.48, 0.0982
591.48, 0.0994
591.48, 0.1007
591.48, 0.102
591.48, 0.1033
592.0643, 0.1046
592.0643, 0.1059
592.0643, 0.1072
592.0643, 0.1084
592.0643, 0.1097
592.0643, 0.111
592.0643, 0.1123
592.0643, 0.1136
592.0643, 0.1149
592.0643, 0.1162
592.0643, 0.1174
592.0643, 0.1187
592.6484, 0.12
592.6484, 0.1213
592.6484, 0.1226
592.6484, 0.1239
592.6484, 0.1252
592.6484, 0.1264
592.6484, 0.1277
592.6484, 0.129
593.2327, 0.1303
593.2327, 0.1316
593.2327, 0.1329
593.2327, 0.1342
593.2327, 0.1354
593.2327, 0.1367
593.8169, 0.138
593.8169, 0.1393
593.8169, 0.1406
593.8169, 0.1419
593.8169, 0.1431
593.8169, 0.1444
594.4012, 0.1457
594.4012, 0.147
594.4012, 0.1482
594.4012, 0.1496
594.4012, 0.1509
594.4012, 0.1521
594.4012, 0.1534
594.9854, 0.1547
594.9854, 0.156
595.5695, 0.1573
595.5695, 0.1586
595.5695, 0.1599
595.5695, 0.1611
595.5695, 0.1623
596.1538, 0.1637
596.1538, 0.165
596.1538, 0.1663
596.1538, 0.1676
596.1538, 0.1689
596.1538, 0.1701
596.7381, 0.1714
596.7381, 0.1727
596.7381, 0.174
596.7381, 0.1753
596.7381, 0.1766
597.3223, 0.1779
597.3223, 0.1791
597.3223, 0.1804
597.3223, 0.1817
597.3223, 0.183
597.9064, 0.1843
597.9064, 0.1856
597.9064, 0.1869
598.4907, 0.1881
598.4907, 0.1894
598.4907, 0.1907
598.4907, 0.192
599.075, 0.1933
599.075, 0.1945
599.075, 0.1959
599.6592, 0.1971
599.6592, 0.1984
600.2434, 0.1997
600.8277, 0.201
601.4119, 0.2023
601.9961, 0.2036
602.5803, 0.2049
602.5803, 0.2061
601.9961, 0.2074
601.9961, 0.2086
601.9961, 0.21
601.4119, 0.2113
601.4119, 0.2126
601.4119, 0.2139
601.4119, 0.2151
601.4119, 0.2164
601.4119, 0.2177
601.4119, 0.219
601.9961, 0.2203
601.9961, 0.2216
601.9961, 0.2229
601.9961, 0.2241
601.9961, 0.2254
602.5803, 0.2267
602.5803, 0.228
602.5803, 0.2293
602.5803, 0.2306
603.1646, 0.2319
603.1646, 0.2331
603.1646, 0.2344
603.1646, 0.2357
603.7488, 0.237
603.7488, 0.2383
603.7488, 0.2396
603.7488, 0.2409
603.7488, 0.2421
604.333, 0.2434
604.333, 0.2447
604.333, 0.246
604.333, 0.2473
604.333, 0.2486
604.333, 0.2499
604.9172, 0.2511
604.9172, 0.2524
604.9172, 0.2537
604.9172, 0.255
604.9172, 0.2563
604.9172, 0.2576
605.5015, 0.2589
605.5015, 0.2601
605.5015, 0.2614
605.5015, 0.2627
606.0857, 0.264
606.0857, 0.2652
606.0857, 0.2666
606.0857, 0.2679
606.6699, 0.2691
606.6699, 0.2704
606.6699, 0.2717
606.6699, 0.273
607.2541, 0.2743
607.2541, 0.2756
607.2541, 0.2768
607.2541, 0.2781
607.8384, 0.2793
607.8384, 0.2807
607.8384, 0.282
607.8384, 0.2833
607.8384, 0.2846
608.4226, 0.2858
608.4226, 0.2871
608.4226, 0.2884
608.4226, 0.2897
609.0068, 0.291
609.0068, 0.2923
609.0068, 0.2936
609.0068, 0.2948
609.0068, 0.2961
609.0068, 0.2974
609.0068, 0.2987
609.591, 0.3
610.1753, 0.3
610.1753, 0.3013
610.7595, 0.3013
611.3437, 0.3026
611.9279, 0.3026
612.5122, 0.3038
613.0964, 0.3051
613.0964, 0.3064
613.6806, 0.3077
613.6806, 0.309
614.2648, 0.3103
614.8491, 0.3115
614.8491, 0.3128
615.4333, 0.3141
615.4333, 0.3154
616.0175, 0.3167
616.0175, 0.318
616.6018, 0.3193
616.6018, 0.3206
617.186, 0.3218
617.186, 0.3231
617.186, 0.3244
617.7702, 0.3244
618.3544, 0.3244
618.3544, 0.3256
618.3544, 0.327
618.3544, 0.3283
618.3544, 0.3296
618.3544, 0.3308
618.9386, 0.3308
619.5229, 0.3321
620.1071, 0.3321
620.6913, 0.3321
621.2756, 0.3321
621.8598, 0.3321
622.444, 0.3308
623.0282, 0.3308
623.6125, 0.3295
624.1967, 0.3295
624.7809, 0.3295
625.3651, 0.3295
625.9494, 0.3295
626.5335, 0.3295
627.1178, 0.3295
627.702, 0.3295
628.2863, 0.3295
628.8705, 0.3295
629.4546, 0.3283
630.0389, 0.327
630.6232, 0.3283
631.2074, 0.3295
631.7915, 0.3295
632.3759, 0.3308
632.9601, 0.3321
632.9601, 0.3334
632.9601, 0.3347
632.3759, 0.336
632.3759, 0.3373
632.3759, 0.3385
632.9601, 0.3385
633.5443, 0.3397
634.1285, 0.3411
634.7128, 0.3411
634.7128, 0.3424
635.297, 0.3424
635.8812, 0.3424
636.4654, 0.3437
637.0497, 0.345
637.6339, 0.345
638.2181, 0.3462
638.8023, 0.3462
639.3866, 0.3462
639.9708, 0.3462
640.555, 0.3475
641.1392, 0.3475
641.7235, 0.3475
642.3077, 0.3475
642.8919, 0.3488
643.4761, 0.3488
644.0604, 0.3488
644.6446, 0.3488
645.2288, 0.3501
645.813, 0.3501
646.3973, 0.3501
646.9815, 0.3514
647.5657, 0.3514
648.15, 0.3514
648.7342, 0.3514
649.3184, 0.3527
649.9026, 0.3527
650.4868, 0.3527
650.4868, 0.3514
650.4868, 0.3501
651.0711, 0.3488
651.0711, 0.3475
651.0711, 0.3462
651.0711, 0.3449
651.0711, 0.3437
651.6553, 0.3424
651.6553, 0.3411
651.6553, 0.3397
651.6553, 0.3385
652.2395, 0.3372
652.2395, 0.3359
652.2395, 0.3347
652.2395, 0.3334
652.2395, 0.3321
652.8237, 0.3308
652.8237, 0.3295
652.8237, 0.3282
652.8237, 0.3269
652.8237, 0.3256
653.408, 0.3244
653.408, 0.3231
653.408, 0.3218
653.408, 0.3205
653.9922, 0.3192
653.9922, 0.3179
653.9922, 0.3167
653.9922, 0.3154
653.9922, 0.3141
653.9922, 0.3128
653.9922, 0.3115
653.9922, 0.3102
653.9922, 0.3089
654.5764, 0.3077
654.5764, 0.3064
654.5764, 0.3051
654.5764, 0.3038
654.5764, 0.3025
654.5764, 0.3012
654.5764, 0.2999
655.1607, 0.2987
655.1607, 0.2974
655.1607, 0.2961
655.7449, 0.2948
655.7449, 0.2934
655.7449, 0.2922
656.3291, 0.2909
656.3291, 0.2897
656.3291, 0.2884
656.3291, 0.2871
656.3291, 0.2858
656.3291, 0.2845
656.9133, 0.2832
656.9133, 0.2819
656.9133, 0.2807
656.9133, 0.2793
656.9133, 0.2781
656.9133, 0.2768
656.9133, 0.2755
657.4976, 0.2742
657.4976, 0.2729
657.4976, 0.2717
657.4976, 0.2704
658.0818, 0.2691
658.0818, 0.2678
658.0818, 0.2665
658.666, 0.2652
658.666, 0.2639
658.666, 0.2627
658.666, 0.2614
658.666, 0.2601
658.666, 0.2588
659.2502, 0.2575
659.2502, 0.2562
659.2502, 0.2549
659.2502, 0.2537
659.2502, 0.2524
659.2502, 0.2511
659.2502, 0.2498
659.2502, 0.2485
659.8345, 0.2472
659.8345, 0.2459
659.8345, 0.2447
659.8345, 0.2434
659.8345, 0.2421
659.8345, 0.2408
659.8345, 0.2395
660.4187, 0.2382
660.4187, 0.2368
660.4187, 0.2356
660.4187, 0.2344
660.4187, 0.2331
660.4187, 0.2318
660.4187, 0.2305
661.0029, 0.2292
661.0029, 0.2279
661.0029, 0.2266
661.0029, 0.2254
661.0029, 0.2241
661.0029, 0.2227
661.0029, 0.2215
661.0029, 0.2202
661.5871, 0.2189
661.5871, 0.2176
661.5871, 0.2164
661.5871, 0.2151
661.5871, 0.2138
661.5871, 0.2125
661.5871, 0.2112
662.1714, 0.2099
662.1714, 0.2086
662.1714, 0.2074
662.1714, 0.2061
662.1714, 0.2048
662.1714, 0.2035
662.1714, 0.2022
662.7556, 0.2009
662.7556, 0.1996
662.7556, 0.1984
662.7556, 0.1971
662.7556, 0.1958
662.7556, 0.1945
662.7556, 0.1932
663.3397, 0.1919
663.3397, 0.1905
663.3397, 0.1894
663.3397, 0.1881
663.3397, 0.1868
663.3397, 0.1855
663.3397, 0.1842
663.9241, 0.1829
663.9241, 0.1816
663.9241, 0.1804
663.9241, 0.1791
663.9241, 0.1778
663.9241, 0.1764
663.9241, 0.1752
663.9241, 0.1739
664.5083, 0.1726
664.5083, 0.1714
664.5083, 0.1701
664.5083, 0.1688
664.5083, 0.1675
664.5083, 0.1662
664.5083, 0.1649
665.0925, 0.1636
665.0925, 0.1623
665.0925, 0.1611
665.0925, 0.1598
665.0925, 0.1585
665.0925, 0.1572
665.0925, 0.1559
665.6766, 0.1546
665.6766, 0.1534
665.6766, 0.1521
665.6766, 0.1508
665.6766, 0.1495
665.6766, 0.1482
665.6766, 0.1469
665.6766, 0.1456
666.261, 0.1444
666.261, 0.1431
666.261, 0.1418
666.261, 0.1405
666.261, 0.1392
666.261, 0.1379
666.261, 0.1366
666.8452, 0.1354
666.8452, 0.1341
666.8452, 0.1328
666.8452, 0.1315
666.8452, 0.1302
666.8452, 0.1289
666.8452, 0.1276
666.8452, 0.1264
667.4294, 0.1251
667.4294, 0.1238
667.4294, 0.1225
667.4294, 0.1212
667.4294, 0.1199
667.4294, 0.1186
667.4294, 0.1174
668.0136, 0.1161
668.0136, 0.1148
668.0136, 0.1135
668.0136, 0.1122
668.0136, 0.1109
668.0136, 0.1096
668.0136, 0.1084
668.5979, 0.1071
668.5979, 0.1058
668.5979, 0.1045
668.5979, 0.1032
668.5979, 0.1019
668.5979, 0.1006
668.5979, 0.0994
668.5979, 0.0981
669.1821, 0.0968
669.1821, 0.0955
669.1821, 0.0942
669.1821, 0.0929
669.1821, 0.0916
669.1821, 0.0904
669.1821, 0.0891
669.7663, 0.0878
669.7663, 0.0865
669.7663, 0.0852
669.7663, 0.0839
669.7663, 0.0826
670.3505, 0.0814
670.3505, 0.0801
670.9348, 0.0788
671.519, 0.0775
671.519, 0.0762
672.1032, 0.0749
672.1032, 0.0735
672.1032, 0.0724
672.6874, 0.0711
672.6874, 0.0698
673.2717, 0.0685
673.2717, 0.0672
673.8559, 0.0672
673.8559, 0.0659
674.4401, 0.0646
674.4401, 0.0633
674.4401, 0.0621
675.0243, 0.0608
675.0243, 0.0594
675.6086, 0.0582
675.6086, 0.0569
676.1928, 0.0569
676.1928, 0.0556
676.777, 0.0543
676.777, 0.0531
677.3612, 0.0518
677.3612, 0.0505
677.3612, 0.0492
677.9455, 0.0479
677.9455, 0.0466
678.5297, 0.0453
679.1139, 0.0441
679.1139, 0.0428
679.6981, 0.0415
679.6981, 0.0402
680.2824, 0.0389
680.8666, 0.0376
681.4508, 0.0363
682.0351, 0.0363
682.6193, 0.0363
683.2035, 0.0363
683.7877, 0.0351
684.3719, 0.0338
684.9562, 0.0338
685.5404, 0.0325
686.1246, 0.0312
686.7088, 0.0312
687.2931, 0.0299
687.8773, 0.0299
688.4615, 0.0286
689.0458, 0.0273
689.63, 0.0273
690.2142, 0.0273
690.7984, 0.026
691.3827, 0.0248
691.3827, 0.0235
691.9668, 0.0222
692.5511, 0.0209
691.9668, 0.0196
691.3827, 0.0209
691.3827, 0.0222
690.7984, 0.0222
690.7984, 0.0235
690.2142, 0.0248
689.63, 0.026
689.0458, 0.0248
688.4615, 0.0235
687.8773, 0.0222
687.2931, 0.0209
687.8773, 0.0196
687.8773, 0.0209
687.8773, 0.0222
688.4615, 0.0235
688.4615, 0.0248
688.4615, 0.026
687.8773, 0.0273
687.2931, 0.0286
686.7088, 0.0286
686.1246, 0.0299
685.5404, 0.0299
684.9562, 0.0312
684.3719, 0.0325
683.7877, 0.0325
683.2035, 0.0338
682.6193, 0.0351
682.0351, 0.0363
682.0351, 0.0376
682.0351, 0.0389
682.0351, 0.0402
682.0351, 0.0415
681.4508, 0.0428
680.8666, 0.0428
680.2824, 0.0441
679.6981, 0.0453
679.1139, 0.0441
678.5297, 0.0428
677.9455, 0.0415
677.3612, 0.0402
677.9455, 0.0389
677.9455, 0.0376
677.3612, 0.0363
677.9455, 0.0363
678.5297, 0.0376
678.5297, 0.0363
700, 0.0109
